{
 "cells": [
  {
   "cell_type": "code",
   "execution_count": 1,
   "id": "93c94e67-2888-464b-a970-6b6c06ee47f2",
   "metadata": {},
   "outputs": [
    {
     "name": "stdout",
     "output_type": "stream",
     "text": [
      "SparsePauliOp(['IIIIIIIIIIIIIIIIIIIIIZ', 'IIIIIIIIIIIIIIIIIIIIXX', 'IIIIIIIIIIIIIIIIIIIIYY', 'IIIIIIIIIIIIIIIIIIIXIX', 'IIIIIIIIIIIIIIIIIIIYIY', 'IIIIIIIIIIIIIIIIIIXIIX', 'IIIIIIIIIIIIIIIIIIYIIY', 'IIIIIIIIIIIIIIIIIXIIIX', 'IIIIIIIIIIIIIIIIIYIIIY', 'IIIIIIIIIIIIIIIIXIIIIX', 'IIIIIIIIIIIIIIIIYIIIIY', 'IIIIIIIIIIIIIIIXIIIIIX', 'IIIIIIIIIIIIIIIYIIIIIY', 'IIIIIIIIIIIIIIXIIIIIIX', 'IIIIIIIIIIIIIIYIIIIIIY', 'IIIIIIIIIIIIIXIIIIIIIX', 'IIIIIIIIIIIIIYIIIIIIIY', 'IIIIIIIIIIIIXIIIIIIIIX', 'IIIIIIIIIIIIYIIIIIIIIY', 'IIIIIIIIIIIXIIIIIIIIIX', 'IIIIIIIIIIIYIIIIIIIIIY', 'IIIIIIIIIIXIIIIIIIIIIX', 'IIIIIIIIIIYIIIIIIIIIIY', 'IIIIIIIIIXIIIIIIIIIIIX', 'IIIIIIIIIYIIIIIIIIIIIY', 'IIIIIIIIXIIIIIIIIIIIIX', 'IIIIIIIIYIIIIIIIIIIIIY', 'IIIIIIIXIIIIIIIIIIIIIX', 'IIIIIIIYIIIIIIIIIIIIIY', 'IIIIIIXIIIIIIIIIIIIIIX', 'IIIIIIYIIIIIIIIIIIIIIY', 'IIIIIXIIIIIIIIIIIIIIIX', 'IIIIIYIIIIIIIIIIIIIIIY', 'IIIIXIIIIIIIIIIIIIIIIX', 'IIIIYIIIIIIIIIIIIIIIIY', 'IIIXIIIIIIIIIIIIIIIIIX', 'IIIYIIIIIIIIIIIIIIIIIY', 'IIXIIIIIIIIIIIIIIIIIIX', 'IIYIIIIIIIIIIIIIIIIIIY', 'IXIIIIIIIIIIIIIIIIIIIX', 'IYIIIIIIIIIIIIIIIIIIIY', 'XIIIIIIIIIIIIIIIIIIIIX', 'YIIIIIIIIIIIIIIIIIIIIY', 'IIIIIIIIIIIIIIIIIIIIZI', 'IIIIIIIIIIIIIIIIIIIXXI', 'IIIIIIIIIIIIIIIIIIIYYI', 'IIIIIIIIIIIIIIIIIIXIXI', 'IIIIIIIIIIIIIIIIIIYIYI', 'IIIIIIIIIIIIIIIIIXIIXI', 'IIIIIIIIIIIIIIIIIYIIYI', 'IIIIIIIIIIIIIIIIXIIIXI', 'IIIIIIIIIIIIIIIIYIIIYI', 'IIIIIIIIIIIIIIIXIIIIXI', 'IIIIIIIIIIIIIIIYIIIIYI', 'IIIIIIIIIIIIIIXIIIIIXI', 'IIIIIIIIIIIIIIYIIIIIYI', 'IIIIIIIIIIIIIXIIIIIIXI', 'IIIIIIIIIIIIIYIIIIIIYI', 'IIIIIIIIIIIIXIIIIIIIXI', 'IIIIIIIIIIIIYIIIIIIIYI', 'IIIIIIIIIIIXIIIIIIIIXI', 'IIIIIIIIIIIYIIIIIIIIYI', 'IIIIIIIIIIXIIIIIIIIIXI', 'IIIIIIIIIIYIIIIIIIIIYI', 'IIIIIIIIIXIIIIIIIIIIXI', 'IIIIIIIIIYIIIIIIIIIIYI', 'IIIIIIIIXIIIIIIIIIIIXI', 'IIIIIIIIYIIIIIIIIIIIYI', 'IIIIIIIXIIIIIIIIIIIIXI', 'IIIIIIIYIIIIIIIIIIIIYI', 'IIIIIIXIIIIIIIIIIIIIXI', 'IIIIIIYIIIIIIIIIIIIIYI', 'IIIIIXIIIIIIIIIIIIIIXI', 'IIIIIYIIIIIIIIIIIIIIYI', 'IIIIXIIIIIIIIIIIIIIIXI', 'IIIIYIIIIIIIIIIIIIIIYI', 'IIIXIIIIIIIIIIIIIIIIXI', 'IIIYIIIIIIIIIIIIIIIIYI', 'IIXIIIIIIIIIIIIIIIIIXI', 'IIYIIIIIIIIIIIIIIIIIYI', 'IXIIIIIIIIIIIIIIIIIIXI', 'IYIIIIIIIIIIIIIIIIIIYI', 'XIIIIIIIIIIIIIIIIIIIXI', 'YIIIIIIIIIIIIIIIIIIIYI', 'IIIIIIIIIIIIIIIIIIIZII', 'IIIIIIIIIIIIIIIIIIXXII', 'IIIIIIIIIIIIIIIIIIYYII', 'IIIIIIIIIIIIIIIIIXIXII', 'IIIIIIIIIIIIIIIIIYIYII', 'IIIIIIIIIIIIIIIIXIIXII', 'IIIIIIIIIIIIIIIIYIIYII', 'IIIIIIIIIIIIIIIXIIIXII', 'IIIIIIIIIIIIIIIYIIIYII', 'IIIIIIIIIIIIIIXIIIIXII', 'IIIIIIIIIIIIIIYIIIIYII', 'IIIIIIIIIIIIIXIIIIIXII', 'IIIIIIIIIIIIIYIIIIIYII', 'IIIIIIIIIIIIXIIIIIIXII', 'IIIIIIIIIIIIYIIIIIIYII', 'IIIIIIIIIIIXIIIIIIIXII', 'IIIIIIIIIIIYIIIIIIIYII', 'IIIIIIIIIIXIIIIIIIIXII', 'IIIIIIIIIIYIIIIIIIIYII', 'IIIIIIIIIXIIIIIIIIIXII', 'IIIIIIIIIYIIIIIIIIIYII', 'IIIIIIIIXIIIIIIIIIIXII', 'IIIIIIIIYIIIIIIIIIIYII', 'IIIIIIIXIIIIIIIIIIIXII', 'IIIIIIIYIIIIIIIIIIIYII', 'IIIIIIXIIIIIIIIIIIIXII', 'IIIIIIYIIIIIIIIIIIIYII', 'IIIIIXIIIIIIIIIIIIIXII', 'IIIIIYIIIIIIIIIIIIIYII', 'IIIIXIIIIIIIIIIIIIIXII', 'IIIIYIIIIIIIIIIIIIIYII', 'IIIXIIIIIIIIIIIIIIIXII', 'IIIYIIIIIIIIIIIIIIIYII', 'IIXIIIIIIIIIIIIIIIIXII', 'IIYIIIIIIIIIIIIIIIIYII', 'IXIIIIIIIIIIIIIIIIIXII', 'IYIIIIIIIIIIIIIIIIIYII', 'XIIIIIIIIIIIIIIIIIIXII', 'YIIIIIIIIIIIIIIIIIIYII', 'IIIIIIIIIIIIIIIIIIZIII', 'IIIIIIIIIIIIIIIIIXXIII', 'IIIIIIIIIIIIIIIIIYYIII', 'IIIIIIIIIIIIIIIIXIXIII', 'IIIIIIIIIIIIIIIIYIYIII', 'IIIIIIIIIIIIIIIXIIXIII', 'IIIIIIIIIIIIIIIYIIYIII', 'IIIIIIIIIIIIIIXIIIXIII', 'IIIIIIIIIIIIIIYIIIYIII', 'IIIIIIIIIIIIIXIIIIXIII', 'IIIIIIIIIIIIIYIIIIYIII', 'IIIIIIIIIIIIXIIIIIXIII', 'IIIIIIIIIIIIYIIIIIYIII', 'IIIIIIIIIIIXIIIIIIXIII', 'IIIIIIIIIIIYIIIIIIYIII', 'IIIIIIIIIIXIIIIIIIXIII', 'IIIIIIIIIIYIIIIIIIYIII', 'IIIIIIIIIXIIIIIIIIXIII', 'IIIIIIIIIYIIIIIIIIYIII', 'IIIIIIIIXIIIIIIIIIXIII', 'IIIIIIIIYIIIIIIIIIYIII', 'IIIIIIIXIIIIIIIIIIXIII', 'IIIIIIIYIIIIIIIIIIYIII', 'IIIIIIXIIIIIIIIIIIXIII', 'IIIIIIYIIIIIIIIIIIYIII', 'IIIIIXIIIIIIIIIIIIXIII', 'IIIIIYIIIIIIIIIIIIYIII', 'IIIIXIIIIIIIIIIIIIXIII', 'IIIIYIIIIIIIIIIIIIYIII', 'IIIXIIIIIIIIIIIIIIXIII', 'IIIYIIIIIIIIIIIIIIYIII', 'IIXIIIIIIIIIIIIIIIXIII', 'IIYIIIIIIIIIIIIIIIYIII', 'IXIIIIIIIIIIIIIIIIXIII', 'IYIIIIIIIIIIIIIIIIYIII', 'XIIIIIIIIIIIIIIIIIXIII', 'YIIIIIIIIIIIIIIIIIYIII', 'IIIIIIIIIIIIIIIIIZIIII', 'IIIIIIIIIIIIIIIIXXIIII', 'IIIIIIIIIIIIIIIIYYIIII', 'IIIIIIIIIIIIIIIXIXIIII', 'IIIIIIIIIIIIIIIYIYIIII', 'IIIIIIIIIIIIIIXIIXIIII', 'IIIIIIIIIIIIIIYIIYIIII', 'IIIIIIIIIIIIIXIIIXIIII', 'IIIIIIIIIIIIIYIIIYIIII', 'IIIIIIIIIIIIXIIIIXIIII', 'IIIIIIIIIIIIYIIIIYIIII', 'IIIIIIIIIIIXIIIIIXIIII', 'IIIIIIIIIIIYIIIIIYIIII', 'IIIIIIIIIIXIIIIIIXIIII', 'IIIIIIIIIIYIIIIIIYIIII', 'IIIIIIIIIXIIIIIIIXIIII', 'IIIIIIIIIYIIIIIIIYIIII', 'IIIIIIIIXIIIIIIIIXIIII', 'IIIIIIIIYIIIIIIIIYIIII', 'IIIIIIIXIIIIIIIIIXIIII', 'IIIIIIIYIIIIIIIIIYIIII', 'IIIIIIXIIIIIIIIIIXIIII', 'IIIIIIYIIIIIIIIIIYIIII', 'IIIIIXIIIIIIIIIIIXIIII', 'IIIIIYIIIIIIIIIIIYIIII', 'IIIIXIIIIIIIIIIIIXIIII', 'IIIIYIIIIIIIIIIIIYIIII', 'IIIXIIIIIIIIIIIIIXIIII', 'IIIYIIIIIIIIIIIIIYIIII', 'IIXIIIIIIIIIIIIIIXIIII', 'IIYIIIIIIIIIIIIIIYIIII', 'IXIIIIIIIIIIIIIIIXIIII', 'IYIIIIIIIIIIIIIIIYIIII', 'XIIIIIIIIIIIIIIIIXIIII', 'YIIIIIIIIIIIIIIIIYIIII', 'IIIIIIIIIIIIIIIIZIIIII', 'IIIIIIIIIIIIIIIXXIIIII', 'IIIIIIIIIIIIIIIYYIIIII', 'IIIIIIIIIIIIIIXIXIIIII', 'IIIIIIIIIIIIIIYIYIIIII', 'IIIIIIIIIIIIIXIIXIIIII', 'IIIIIIIIIIIIIYIIYIIIII', 'IIIIIIIIIIIIXIIIXIIIII', 'IIIIIIIIIIIIYIIIYIIIII', 'IIIIIIIIIIIXIIIIXIIIII', 'IIIIIIIIIIIYIIIIYIIIII', 'IIIIIIIIIIXIIIIIXIIIII', 'IIIIIIIIIIYIIIIIYIIIII', 'IIIIIIIIIXIIIIIIXIIIII', 'IIIIIIIIIYIIIIIIYIIIII', 'IIIIIIIIXIIIIIIIXIIIII', 'IIIIIIIIYIIIIIIIYIIIII', 'IIIIIIIXIIIIIIIIXIIIII', 'IIIIIIIYIIIIIIIIYIIIII', 'IIIIIIXIIIIIIIIIXIIIII', 'IIIIIIYIIIIIIIIIYIIIII', 'IIIIIXIIIIIIIIIIXIIIII', 'IIIIIYIIIIIIIIIIYIIIII', 'IIIIXIIIIIIIIIIIXIIIII', 'IIIIYIIIIIIIIIIIYIIIII', 'IIIXIIIIIIIIIIIIXIIIII', 'IIIYIIIIIIIIIIIIYIIIII', 'IIXIIIIIIIIIIIIIXIIIII', 'IIYIIIIIIIIIIIIIYIIIII', 'IXIIIIIIIIIIIIIIXIIIII', 'IYIIIIIIIIIIIIIIYIIIII', 'XIIIIIIIIIIIIIIIXIIIII', 'YIIIIIIIIIIIIIIIYIIIII', 'IIIIIIIIIIIIIIIZIIIIII', 'IIIIIIIIIIIIIIXXIIIIII', 'IIIIIIIIIIIIIIYYIIIIII', 'IIIIIIIIIIIIIXIXIIIIII', 'IIIIIIIIIIIIIYIYIIIIII', 'IIIIIIIIIIIIXIIXIIIIII', 'IIIIIIIIIIIIYIIYIIIIII', 'IIIIIIIIIIIXIIIXIIIIII', 'IIIIIIIIIIIYIIIYIIIIII', 'IIIIIIIIIIXIIIIXIIIIII', 'IIIIIIIIIIYIIIIYIIIIII', 'IIIIIIIIIXIIIIIXIIIIII', 'IIIIIIIIIYIIIIIYIIIIII', 'IIIIIIIIXIIIIIIXIIIIII', 'IIIIIIIIYIIIIIIYIIIIII', 'IIIIIIIXIIIIIIIXIIIIII', 'IIIIIIIYIIIIIIIYIIIIII', 'IIIIIIXIIIIIIIIXIIIIII', 'IIIIIIYIIIIIIIIYIIIIII', 'IIIIIXIIIIIIIIIXIIIIII', 'IIIIIYIIIIIIIIIYIIIIII', 'IIIIXIIIIIIIIIIXIIIIII', 'IIIIYIIIIIIIIIIYIIIIII', 'IIIXIIIIIIIIIIIXIIIIII', 'IIIYIIIIIIIIIIIYIIIIII', 'IIXIIIIIIIIIIIIXIIIIII', 'IIYIIIIIIIIIIIIYIIIIII', 'IXIIIIIIIIIIIIIXIIIIII', 'IYIIIIIIIIIIIIIYIIIIII', 'XIIIIIIIIIIIIIIXIIIIII', 'YIIIIIIIIIIIIIIYIIIIII', 'IIIIIIIIIIIIIIZIIIIIII', 'IIIIIIIIIIIIIXXIIIIIII', 'IIIIIIIIIIIIIYYIIIIIII', 'IIIIIIIIIIIIXIXIIIIIII', 'IIIIIIIIIIIIYIYIIIIIII', 'IIIIIIIIIIIXIIXIIIIIII', 'IIIIIIIIIIIYIIYIIIIIII', 'IIIIIIIIIIXIIIXIIIIIII', 'IIIIIIIIIIYIIIYIIIIIII', 'IIIIIIIIIXIIIIXIIIIIII', 'IIIIIIIIIYIIIIYIIIIIII', 'IIIIIIIIXIIIIIXIIIIIII', 'IIIIIIIIYIIIIIYIIIIIII', 'IIIIIIIXIIIIIIXIIIIIII', 'IIIIIIIYIIIIIIYIIIIIII', 'IIIIIIXIIIIIIIXIIIIIII', 'IIIIIIYIIIIIIIYIIIIIII', 'IIIIIXIIIIIIIIXIIIIIII', 'IIIIIYIIIIIIIIYIIIIIII', 'IIIIXIIIIIIIIIXIIIIIII', 'IIIIYIIIIIIIIIYIIIIIII', 'IIIXIIIIIIIIIIXIIIIIII', 'IIIYIIIIIIIIIIYIIIIIII', 'IIXIIIIIIIIIIIXIIIIIII', 'IIYIIIIIIIIIIIYIIIIIII', 'IXIIIIIIIIIIIIXIIIIIII', 'IYIIIIIIIIIIIIYIIIIIII', 'XIIIIIIIIIIIIIXIIIIIII', 'YIIIIIIIIIIIIIYIIIIIII', 'IIIIIIIIIIIIIZIIIIIIII', 'IIIIIIIIIIIIXXIIIIIIII', 'IIIIIIIIIIIIYYIIIIIIII', 'IIIIIIIIIIIXIXIIIIIIII', 'IIIIIIIIIIIYIYIIIIIIII', 'IIIIIIIIIIXIIXIIIIIIII', 'IIIIIIIIIIYIIYIIIIIIII', 'IIIIIIIIIXIIIXIIIIIIII', 'IIIIIIIIIYIIIYIIIIIIII', 'IIIIIIIIXIIIIXIIIIIIII', 'IIIIIIIIYIIIIYIIIIIIII', 'IIIIIIIXIIIIIXIIIIIIII', 'IIIIIIIYIIIIIYIIIIIIII', 'IIIIIIXIIIIIIXIIIIIIII', 'IIIIIIYIIIIIIYIIIIIIII', 'IIIIIXIIIIIIIXIIIIIIII', 'IIIIIYIIIIIIIYIIIIIIII', 'IIIIXIIIIIIIIXIIIIIIII', 'IIIIYIIIIIIIIYIIIIIIII', 'IIIXIIIIIIIIIXIIIIIIII', 'IIIYIIIIIIIIIYIIIIIIII', 'IIXIIIIIIIIIIXIIIIIIII', 'IIYIIIIIIIIIIYIIIIIIII', 'IXIIIIIIIIIIIXIIIIIIII', 'IYIIIIIIIIIIIYIIIIIIII', 'XIIIIIIIIIIIIXIIIIIIII', 'YIIIIIIIIIIIIYIIIIIIII', 'IIIIIIIIIIIIZIIIIIIIII', 'IIIIIIIIIIIXXIIIIIIIII', 'IIIIIIIIIIIYYIIIIIIIII', 'IIIIIIIIIIXIXIIIIIIIII', 'IIIIIIIIIIYIYIIIIIIIII', 'IIIIIIIIIXIIXIIIIIIIII', 'IIIIIIIIIYIIYIIIIIIIII', 'IIIIIIIIXIIIXIIIIIIIII', 'IIIIIIIIYIIIYIIIIIIIII', 'IIIIIIIXIIIIXIIIIIIIII', 'IIIIIIIYIIIIYIIIIIIIII', 'IIIIIIXIIIIIXIIIIIIIII', 'IIIIIIYIIIIIYIIIIIIIII', 'IIIIIXIIIIIIXIIIIIIIII', 'IIIIIYIIIIIIYIIIIIIIII', 'IIIIXIIIIIIIXIIIIIIIII', 'IIIIYIIIIIIIYIIIIIIIII', 'IIIXIIIIIIIIXIIIIIIIII', 'IIIYIIIIIIIIYIIIIIIIII', 'IIXIIIIIIIIIXIIIIIIIII', 'IIYIIIIIIIIIYIIIIIIIII', 'IXIIIIIIIIIIXIIIIIIIII', 'IYIIIIIIIIIIYIIIIIIIII', 'XIIIIIIIIIIIXIIIIIIIII', 'YIIIIIIIIIIIYIIIIIIIII', 'IIIIIIIIIIIZIIIIIIIIII', 'IIIIIIIIIIXXIIIIIIIIII', 'IIIIIIIIIIYYIIIIIIIIII', 'IIIIIIIIIXIXIIIIIIIIII', 'IIIIIIIIIYIYIIIIIIIIII', 'IIIIIIIIXIIXIIIIIIIIII', 'IIIIIIIIYIIYIIIIIIIIII', 'IIIIIIIXIIIXIIIIIIIIII', 'IIIIIIIYIIIYIIIIIIIIII', 'IIIIIIXIIIIXIIIIIIIIII', 'IIIIIIYIIIIYIIIIIIIIII', 'IIIIIXIIIIIXIIIIIIIIII', 'IIIIIYIIIIIYIIIIIIIIII', 'IIIIXIIIIIIXIIIIIIIIII', 'IIIIYIIIIIIYIIIIIIIIII', 'IIIXIIIIIIIXIIIIIIIIII', 'IIIYIIIIIIIYIIIIIIIIII', 'IIXIIIIIIIIXIIIIIIIIII', 'IIYIIIIIIIIYIIIIIIIIII', 'IXIIIIIIIIIXIIIIIIIIII', 'IYIIIIIIIIIYIIIIIIIIII', 'XIIIIIIIIIIXIIIIIIIIII', 'YIIIIIIIIIIYIIIIIIIIII', 'IIIIIIIIIIZIIIIIIIIIII', 'IIIIIIIIIXXIIIIIIIIIII', 'IIIIIIIIIYYIIIIIIIIIII', 'IIIIIIIIXIXIIIIIIIIIII', 'IIIIIIIIYIYIIIIIIIIIII', 'IIIIIIIXIIXIIIIIIIIIII', 'IIIIIIIYIIYIIIIIIIIIII', 'IIIIIIXIIIXIIIIIIIIIII', 'IIIIIIYIIIYIIIIIIIIIII', 'IIIIIXIIIIXIIIIIIIIIII', 'IIIIIYIIIIYIIIIIIIIIII', 'IIIIXIIIIIXIIIIIIIIIII', 'IIIIYIIIIIYIIIIIIIIIII', 'IIIXIIIIIIXIIIIIIIIIII', 'IIIYIIIIIIYIIIIIIIIIII', 'IIXIIIIIIIXIIIIIIIIIII', 'IIYIIIIIIIYIIIIIIIIIII', 'IXIIIIIIIIXIIIIIIIIIII', 'IYIIIIIIIIYIIIIIIIIIII', 'XIIIIIIIIIXIIIIIIIIIII', 'YIIIIIIIIIYIIIIIIIIIII', 'IIIIIIIIIZIIIIIIIIIIII', 'IIIIIIIIXXIIIIIIIIIIII', 'IIIIIIIIYYIIIIIIIIIIII', 'IIIIIIIXIXIIIIIIIIIIII', 'IIIIIIIYIYIIIIIIIIIIII', 'IIIIIIXIIXIIIIIIIIIIII', 'IIIIIIYIIYIIIIIIIIIIII', 'IIIIIXIIIXIIIIIIIIIIII', 'IIIIIYIIIYIIIIIIIIIIII', 'IIIIXIIIIXIIIIIIIIIIII', 'IIIIYIIIIYIIIIIIIIIIII', 'IIIXIIIIIXIIIIIIIIIIII', 'IIIYIIIIIYIIIIIIIIIIII', 'IIXIIIIIIXIIIIIIIIIIII', 'IIYIIIIIIYIIIIIIIIIIII', 'IXIIIIIIIXIIIIIIIIIIII', 'IYIIIIIIIYIIIIIIIIIIII', 'XIIIIIIIIXIIIIIIIIIIII', 'YIIIIIIIIYIIIIIIIIIIII', 'IIIIIIIIZIIIIIIIIIIIII', 'IIIIIIIXXIIIIIIIIIIIII', 'IIIIIIIYYIIIIIIIIIIIII', 'IIIIIIXIXIIIIIIIIIIIII', 'IIIIIIYIYIIIIIIIIIIIII', 'IIIIIXIIXIIIIIIIIIIIII', 'IIIIIYIIYIIIIIIIIIIIII', 'IIIIXIIIXIIIIIIIIIIIII', 'IIIIYIIIYIIIIIIIIIIIII', 'IIIXIIIIXIIIIIIIIIIIII', 'IIIYIIIIYIIIIIIIIIIIII', 'IIXIIIIIXIIIIIIIIIIIII', 'IIYIIIIIYIIIIIIIIIIIII', 'IXIIIIIIXIIIIIIIIIIIII', 'IYIIIIIIYIIIIIIIIIIIII', 'XIIIIIIIXIIIIIIIIIIIII', 'YIIIIIIIYIIIIIIIIIIIII', 'IIIIIIIZIIIIIIIIIIIIII', 'IIIIIIXXIIIIIIIIIIIIII', 'IIIIIIYYIIIIIIIIIIIIII', 'IIIIIXIXIIIIIIIIIIIIII', 'IIIIIYIYIIIIIIIIIIIIII', 'IIIIXIIXIIIIIIIIIIIIII', 'IIIIYIIYIIIIIIIIIIIIII', 'IIIXIIIXIIIIIIIIIIIIII', 'IIIYIIIYIIIIIIIIIIIIII', 'IIXIIIIXIIIIIIIIIIIIII', 'IIYIIIIYIIIIIIIIIIIIII', 'IXIIIIIXIIIIIIIIIIIIII', 'IYIIIIIYIIIIIIIIIIIIII', 'XIIIIIIXIIIIIIIIIIIIII', 'YIIIIIIYIIIIIIIIIIIIII', 'IIIIIIZIIIIIIIIIIIIIII', 'IIIIIXXIIIIIIIIIIIIIII', 'IIIIIYYIIIIIIIIIIIIIII', 'IIIIXIXIIIIIIIIIIIIIII', 'IIIIYIYIIIIIIIIIIIIIII', 'IIIXIIXIIIIIIIIIIIIIII', 'IIIYIIYIIIIIIIIIIIIIII', 'IIXIIIXIIIIIIIIIIIIIII', 'IIYIIIYIIIIIIIIIIIIIII', 'IXIIIIXIIIIIIIIIIIIIII', 'IYIIIIYIIIIIIIIIIIIIII', 'XIIIIIXIIIIIIIIIIIIIII', 'YIIIIIYIIIIIIIIIIIIIII', 'IIIIIZIIIIIIIIIIIIIIII', 'IIIIXXIIIIIIIIIIIIIIII', 'IIIIYYIIIIIIIIIIIIIIII', 'IIIXIXIIIIIIIIIIIIIIII', 'IIIYIYIIIIIIIIIIIIIIII', 'IIXIIXIIIIIIIIIIIIIIII', 'IIYIIYIIIIIIIIIIIIIIII', 'IXIIIXIIIIIIIIIIIIIIII', 'IYIIIYIIIIIIIIIIIIIIII', 'XIIIIXIIIIIIIIIIIIIIII', 'YIIIIYIIIIIIIIIIIIIIII', 'IIIIZIIIIIIIIIIIIIIIII', 'IIIXXIIIIIIIIIIIIIIIII', 'IIIYYIIIIIIIIIIIIIIIII', 'IIXIXIIIIIIIIIIIIIIIII', 'IIYIYIIIIIIIIIIIIIIIII', 'IXIIXIIIIIIIIIIIIIIIII', 'IYIIYIIIIIIIIIIIIIIIII', 'XIIIXIIIIIIIIIIIIIIIII', 'YIIIYIIIIIIIIIIIIIIIII', 'IIIZIIIIIIIIIIIIIIIIII', 'IIXXIIIIIIIIIIIIIIIIII', 'IIYYIIIIIIIIIIIIIIIIII', 'IXIXIIIIIIIIIIIIIIIIII', 'IYIYIIIIIIIIIIIIIIIIII', 'XIIXIIIIIIIIIIIIIIIIII', 'YIIYIIIIIIIIIIIIIIIIII', 'IIZIIIIIIIIIIIIIIIIIII', 'IXXIIIIIIIIIIIIIIIIIII', 'IYYIIIIIIIIIIIIIIIIIII', 'XIXIIIIIIIIIIIIIIIIIII', 'YIYIIIIIIIIIIIIIIIIIII', 'IZIIIIIIIIIIIIIIIIIIII', 'XXIIIIIIIIIIIIIIIIIIII', 'YYIIIIIIIIIIIIIIIIIIII', 'ZIIIIIIIIIIIIIIIIIIIII', 'IIIIIIIIIIIIIIIIIIIIII'],\n",
      "              coeffs=[ 3.742100e+00+0.j,  6.800000e-02+0.j,  6.800000e-02+0.j,\n",
      " -3.855000e-02+0.j, -3.855000e-02+0.j,  2.015000e-02+0.j,\n",
      "  2.015000e-02+0.j, -9.900000e-03+0.j, -9.900000e-03+0.j,\n",
      " -1.018500e-01+0.j, -1.018500e-01+0.j,  5.695000e-02+0.j,\n",
      "  5.695000e-02+0.j, -5.185000e-02+0.j, -5.185000e-02+0.j,\n",
      "  4.875000e-02+0.j,  4.875000e-02+0.j, -1.011000e-01+0.j,\n",
      " -1.011000e-01+0.j,  2.955000e-02+0.j,  2.955000e-02+0.j,\n",
      " -2.560000e-02+0.j, -2.560000e-02+0.j, -6.850000e-02+0.j,\n",
      " -6.850000e-02+0.j,  3.685000e-02+0.j,  3.685000e-02+0.j,\n",
      " -4.970000e-02+0.j, -4.970000e-02+0.j,  1.936500e-01+0.j,\n",
      "  1.936500e-01+0.j, -1.322500e-01+0.j, -1.322500e-01+0.j,\n",
      "  1.076000e-01+0.j,  1.076000e-01+0.j, -9.665000e-02+0.j,\n",
      " -9.665000e-02+0.j,  9.090000e-02+0.j,  9.090000e-02+0.j,\n",
      " -8.780000e-02+0.j, -8.780000e-02+0.j,  8.640000e-02+0.j,\n",
      "  8.640000e-02+0.j,  3.689800e+00+0.j,  4.785000e-02+0.j,\n",
      "  4.785000e-02+0.j, -3.590000e-02+0.j, -3.590000e-02+0.j,\n",
      "  3.715000e-02+0.j,  3.715000e-02+0.j,  6.690000e-02+0.j,\n",
      "  6.690000e-02+0.j, -8.515000e-02+0.j, -8.515000e-02+0.j,\n",
      "  5.340000e-02+0.j,  5.340000e-02+0.j, -5.395000e-02+0.j,\n",
      " -5.395000e-02+0.j,  6.135000e-02+0.j,  6.135000e-02+0.j,\n",
      " -6.575000e-02+0.j, -6.575000e-02+0.j,  2.915000e-02+0.j,\n",
      "  2.915000e-02+0.j,  5.795000e-02+0.j,  5.795000e-02+0.j,\n",
      " -4.740000e-02+0.j, -4.740000e-02+0.j,  4.970000e-02+0.j,\n",
      "  4.970000e-02+0.j, -1.049000e-01+0.j, -1.049000e-01+0.j,\n",
      "  1.553000e-01+0.j,  1.553000e-01+0.j, -1.330000e-01+0.j,\n",
      " -1.330000e-01+0.j,  1.115000e-01+0.j,  1.115000e-01+0.j,\n",
      " -1.007500e-01+0.j, -1.007500e-01+0.j,  9.595000e-02+0.j,\n",
      "  9.595000e-02+0.j, -9.385000e-02+0.j, -9.385000e-02+0.j,\n",
      "  3.679400e+00+0.j,  6.230000e-02+0.j,  6.230000e-02+0.j,\n",
      " -5.060000e-02+0.j, -5.060000e-02+0.j, -5.525000e-02+0.j,\n",
      " -5.525000e-02+0.j,  6.920000e-02+0.j,  6.920000e-02+0.j,\n",
      " -7.860000e-02+0.j, -7.860000e-02+0.j,  5.635000e-02+0.j,\n",
      "  5.635000e-02+0.j, -4.040000e-02+0.j, -4.040000e-02+0.j,\n",
      "  6.645000e-02+0.j,  6.645000e-02+0.j, -4.945000e-02+0.j,\n",
      " -4.945000e-02+0.j, -5.005000e-02+0.j, -5.005000e-02+0.j,\n",
      "  5.530000e-02+0.j,  5.530000e-02+0.j, -4.970000e-02+0.j,\n",
      " -4.970000e-02+0.j,  9.595000e-02+0.j,  9.595000e-02+0.j,\n",
      " -9.390000e-02+0.j, -9.390000e-02+0.j,  1.363500e-01+0.j,\n",
      "  1.363500e-01+0.j, -1.373500e-01+0.j, -1.373500e-01+0.j,\n",
      "  1.197000e-01+0.j,  1.197000e-01+0.j, -1.076000e-01+0.j,\n",
      " -1.076000e-01+0.j,  1.044000e-01+0.j,  1.044000e-01+0.j,\n",
      "  3.686150e+00+0.j,  7.425000e-02+0.j,  7.425000e-02+0.j,\n",
      "  5.100000e-02+0.j,  5.100000e-02+0.j, -5.780000e-02+0.j,\n",
      " -5.780000e-02+0.j,  7.655000e-02+0.j,  7.655000e-02+0.j,\n",
      " -7.405000e-02+0.j, -7.405000e-02+0.j,  3.060000e-02+0.j,\n",
      "  3.060000e-02+0.j, -5.425000e-02+0.j, -5.425000e-02+0.j,\n",
      "  7.140000e-02+0.j,  7.140000e-02+0.j,  4.480000e-02+0.j,\n",
      "  4.480000e-02+0.j, -6.060000e-02+0.j, -6.060000e-02+0.j,\n",
      "  4.970000e-02+0.j,  4.970000e-02+0.j, -8.785000e-02+0.j,\n",
      " -8.785000e-02+0.j,  9.690000e-02+0.j,  9.690000e-02+0.j,\n",
      " -9.200000e-02+0.j, -9.200000e-02+0.j,  1.218000e-01+0.j,\n",
      "  1.218000e-01+0.j, -1.419500e-01+0.j, -1.419500e-01+0.j,\n",
      "  1.349500e-01+0.j,  1.349500e-01+0.j, -1.198000e-01+0.j,\n",
      " -1.198000e-01+0.j,  3.706800e+00+0.j, -4.925000e-02+0.j,\n",
      " -4.925000e-02+0.j,  5.520000e-02+0.j,  5.520000e-02+0.j,\n",
      " -6.385000e-02+0.j, -6.385000e-02+0.j,  9.110000e-02+0.j,\n",
      "  9.110000e-02+0.j, -2.700000e-02+0.j, -2.700000e-02+0.j,\n",
      "  4.440000e-02+0.j,  4.440000e-02+0.j, -8.490000e-02+0.j,\n",
      " -8.490000e-02+0.j, -4.215000e-02+0.j, -4.215000e-02+0.j,\n",
      "  6.325000e-02+0.j,  6.325000e-02+0.j, -4.970000e-02+0.j,\n",
      " -4.970000e-02+0.j,  8.565000e-02+0.j,  8.565000e-02+0.j,\n",
      " -8.970000e-02+0.j, -8.970000e-02+0.j,  9.910000e-02+0.j,\n",
      "  9.910000e-02+0.j, -1.007500e-01+0.j, -1.007500e-01+0.j,\n",
      "  1.147500e-01+0.j,  1.147500e-01+0.j, -1.417000e-01+0.j,\n",
      " -1.417000e-01+0.j,  1.636000e-01+0.j,  1.636000e-01+0.j,\n",
      "  2.881650e+00+0.j,  7.875000e-02+0.j,  7.875000e-02+0.j,\n",
      " -4.830000e-02+0.j, -4.830000e-02+0.j,  3.705000e-02+0.j,\n",
      "  3.705000e-02+0.j, -1.970500e-01+0.j, -1.970500e-01+0.j,\n",
      "  1.025000e-01+0.j,  1.025000e-01+0.j, -1.013000e-01+0.j,\n",
      " -1.013000e-01+0.j, -8.885000e-02+0.j, -8.885000e-02+0.j,\n",
      "  4.130000e-02+0.j,  4.130000e-02+0.j, -8.250000e-02+0.j,\n",
      " -8.250000e-02+0.j,  1.717000e-01+0.j,  1.717000e-01+0.j,\n",
      " -1.015500e-01+0.j, -1.015500e-01+0.j,  6.545000e-02+0.j,\n",
      "  6.545000e-02+0.j, -4.705000e-02+0.j, -4.705000e-02+0.j,\n",
      "  3.740000e-02+0.j,  3.740000e-02+0.j, -3.225000e-02+0.j,\n",
      " -3.225000e-02+0.j,  2.995000e-02+0.j,  2.995000e-02+0.j,\n",
      "  2.829450e+00+0.j,  7.635000e-02+0.j,  7.635000e-02+0.j,\n",
      " -6.120000e-02+0.j, -6.120000e-02+0.j,  1.295000e-01+0.j,\n",
      "  1.295000e-01+0.j, -1.686500e-01+0.j, -1.686500e-01+0.j,\n",
      "  1.026500e-01+0.j,  1.026500e-01+0.j,  6.850000e-02+0.j,\n",
      "  6.850000e-02+0.j, -6.170000e-02+0.j, -6.170000e-02+0.j,\n",
      "  8.250000e-02+0.j,  8.250000e-02+0.j, -4.140000e-02+0.j,\n",
      " -4.140000e-02+0.j,  1.081000e-01+0.j,  1.081000e-01+0.j,\n",
      " -1.024500e-01+0.j, -1.024500e-01+0.j,  7.870000e-02+0.j,\n",
      "  7.870000e-02+0.j, -5.945000e-02+0.j, -5.945000e-02+0.j,\n",
      "  4.940000e-02+0.j,  4.940000e-02+0.j, -4.590000e-02+0.j,\n",
      " -4.590000e-02+0.j,  2.826850e+00+0.j,  9.425000e-02+0.j,\n",
      "  9.425000e-02+0.j, -1.064000e-01+0.j, -1.064000e-01+0.j,\n",
      "  1.469500e-01+0.j,  1.469500e-01+0.j, -1.474500e-01+0.j,\n",
      " -1.474500e-01+0.j, -5.490000e-02+0.j, -5.490000e-02+0.j,\n",
      "  7.525000e-02+0.j,  7.525000e-02+0.j, -8.250000e-02+0.j,\n",
      " -8.250000e-02+0.j,  3.765000e-02+0.j,  3.765000e-02+0.j,\n",
      " -2.835000e-02+0.j, -2.835000e-02+0.j,  7.005000e-02+0.j,\n",
      "  7.005000e-02+0.j, -9.825000e-02+0.j, -9.825000e-02+0.j,\n",
      "  9.880000e-02+0.j,  9.880000e-02+0.j, -8.310000e-02+0.j,\n",
      " -8.310000e-02+0.j,  6.915000e-02+0.j,  6.915000e-02+0.j,\n",
      "  2.853300e+00+0.j,  1.014500e-01+0.j,  1.014500e-01+0.j,\n",
      " -1.163500e-01+0.j, -1.163500e-01+0.j,  1.830000e-01+0.j,\n",
      "  1.830000e-01+0.j,  4.810000e-02+0.j,  4.810000e-02+0.j,\n",
      " -8.205000e-02+0.j, -8.205000e-02+0.j,  8.250000e-02+0.j,\n",
      "  8.250000e-02+0.j, -2.660000e-02+0.j, -2.660000e-02+0.j,\n",
      "  3.935000e-02+0.j,  3.935000e-02+0.j, -3.940000e-02+0.j,\n",
      " -3.940000e-02+0.j,  5.335000e-02+0.j,  5.335000e-02+0.j,\n",
      " -8.170000e-02+0.j, -8.170000e-02+0.j,  1.126000e-01+0.j,\n",
      "  1.126000e-01+0.j, -1.323500e-01+0.j, -1.323500e-01+0.j,\n",
      "  8.807500e-01+0.j,  5.300000e-02+0.j,  5.300000e-02+0.j,\n",
      " -3.755000e-02+0.j, -3.755000e-02+0.j, -9.420000e-02+0.j,\n",
      " -9.420000e-02+0.j,  5.600000e-02+0.j,  5.600000e-02+0.j,\n",
      " -5.345000e-02+0.j, -5.345000e-02+0.j,  1.165000e-01+0.j,\n",
      "  1.165000e-01+0.j, -9.285000e-02+0.j, -9.285000e-02+0.j,\n",
      "  7.750000e-02+0.j,  7.750000e-02+0.j, -6.805000e-02+0.j,\n",
      " -6.805000e-02+0.j,  6.265000e-02+0.j,  6.265000e-02+0.j,\n",
      " -5.985000e-02+0.j, -5.985000e-02+0.j,  5.865000e-02+0.j,\n",
      "  5.865000e-02+0.j,  8.560500e-01+0.j,  6.225000e-02+0.j,\n",
      "  6.225000e-02+0.j,  7.130000e-02+0.j,  7.130000e-02+0.j,\n",
      " -7.890000e-02+0.j, -7.890000e-02+0.j,  5.345000e-02+0.j,\n",
      "  5.345000e-02+0.j, -5.500000e-02+0.j, -5.500000e-02+0.j,\n",
      "  8.065000e-02+0.j,  8.065000e-02+0.j, -8.895000e-02+0.j,\n",
      " -8.895000e-02+0.j,  8.705000e-02+0.j,  8.705000e-02+0.j,\n",
      " -8.060000e-02+0.j, -8.060000e-02+0.j,  7.395000e-02+0.j,\n",
      "  7.395000e-02+0.j, -6.990000e-02+0.j, -6.990000e-02+0.j,\n",
      "  8.715000e-01+0.j, -5.985000e-02+0.j, -5.985000e-02+0.j,\n",
      "  9.035000e-02+0.j,  9.035000e-02+0.j, -5.345000e-02+0.j,\n",
      " -5.345000e-02+0.j,  5.820000e-02+0.j,  5.820000e-02+0.j,\n",
      " -5.625000e-02+0.j, -5.625000e-02+0.j,  6.330000e-02+0.j,\n",
      "  6.330000e-02+0.j, -7.465000e-02+0.j, -7.465000e-02+0.j,\n",
      "  8.650000e-02+0.j,  8.650000e-02+0.j, -9.600000e-02+0.j,\n",
      " -9.600000e-02+0.j,  1.012000e-01+0.j,  1.012000e-01+0.j,\n",
      "  6.701500e-01+0.j,  7.765000e-02+0.j,  7.765000e-02+0.j,\n",
      " -1.920500e-01+0.j, -1.920500e-01+0.j,  9.040000e-02+0.j,\n",
      "  9.040000e-02+0.j, -7.590000e-02+0.j, -7.590000e-02+0.j,\n",
      "  6.380000e-02+0.j,  6.380000e-02+0.j, -5.410000e-02+0.j,\n",
      " -5.410000e-02+0.j,  4.685000e-02+0.j,  4.685000e-02+0.j,\n",
      " -4.200000e-02+0.j, -4.200000e-02+0.j,  3.960000e-02+0.j,\n",
      "  3.960000e-02+0.j,  6.701500e-01+0.j,  1.920500e-01+0.j,\n",
      "  1.920500e-01+0.j, -2.750000e-02+0.j, -2.750000e-02+0.j,\n",
      "  4.200000e-02+0.j,  4.200000e-02+0.j, -5.410000e-02+0.j,\n",
      " -5.410000e-02+0.j,  6.380000e-02+0.j,  6.380000e-02+0.j,\n",
      " -7.105000e-02+0.j, -7.105000e-02+0.j,  7.590000e-02+0.j,\n",
      "  7.590000e-02+0.j, -7.830000e-02+0.j, -7.830000e-02+0.j,\n",
      "  3.920000e-02+0.j,  6.280000e-02+0.j,  6.280000e-02+0.j,\n",
      " -6.280000e-02+0.j, -6.280000e-02+0.j,  6.280000e-02+0.j,\n",
      "  6.280000e-02+0.j, -6.280000e-02+0.j, -6.280000e-02+0.j,\n",
      "  6.280000e-02+0.j,  6.280000e-02+0.j, -6.280000e-02+0.j,\n",
      " -6.280000e-02+0.j,  6.280000e-02+0.j,  6.280000e-02+0.j,\n",
      "  2.207000e+00+0.j,  9.115000e-02+0.j,  9.115000e-02+0.j,\n",
      " -5.305000e-02+0.j, -5.305000e-02+0.j,  2.990000e-02+0.j,\n",
      "  2.990000e-02+0.j, -1.555000e-02+0.j, -1.555000e-02+0.j,\n",
      "  7.750000e-03+0.j,  7.750000e-03+0.j, -4.400000e-03+0.j,\n",
      " -4.400000e-03+0.j,  2.136700e+00+0.j,  6.455000e-02+0.j,\n",
      "  6.455000e-02+0.j, -4.460000e-02+0.j, -4.460000e-02+0.j,\n",
      "  3.270000e-02+0.j,  3.270000e-02+0.j, -2.245000e-02+0.j,\n",
      " -2.245000e-02+0.j,  1.670000e-02+0.j,  1.670000e-02+0.j,\n",
      "  2.115500e+00+0.j,  6.010000e-02+0.j,  6.010000e-02+0.j,\n",
      " -4.265000e-02+0.j, -4.265000e-02+0.j,  3.815000e-02+0.j,\n",
      "  3.815000e-02+0.j, -3.480000e-02+0.j, -3.480000e-02+0.j,\n",
      "  2.105600e+00+0.j,  6.490000e-02+0.j,  6.490000e-02+0.j,\n",
      " -5.085000e-02+0.j, -5.085000e-02+0.j,  5.285000e-02+0.j,\n",
      "  5.285000e-02+0.j,  2.108150e+00+0.j,  7.955000e-02+0.j,\n",
      "  7.955000e-02+0.j, -6.535000e-02+0.j, -6.535000e-02+0.j,\n",
      "  2.118500e+00+0.j,  9.160000e-02+0.j,  9.160000e-02+0.j,\n",
      "  2.143100e+00+0.j, -4.881785e+01+0.j])\n",
      "\n",
      "Number of Pauli terms = 485\n"
     ]
    }
   ],
   "source": [
    "import numpy as np\n",
    "from qiskit_nature.second_q.operators import FermionicOp\n",
    "from qiskit_nature.second_q.mappers import JordanWignerMapper\n",
    "\n",
    "# Create list of terms from your matrix\n",
    "terms = {}\n",
    "n_modes = 22\n",
    "\n",
    "# Your Hamiltonian matrix entries:\n",
    "data = [\n",
    "(0, 0, -7.4842),\n",
    "(0, 1, 0.1360),\n",
    "(0, 2, -0.0771),\n",
    "(0, 3, 0.0403),\n",
    "(0, 4, -0.0198),\n",
    "(0, 5, -0.2037),\n",
    "(0, 6, 0.1139),\n",
    "(0, 7, -0.1037),\n",
    "(0, 8, 0.0975),\n",
    "(0, 9, -0.2022),\n",
    "(0, 10, 0.0591),\n",
    "(0, 11, -0.0512),\n",
    "(0, 12, -0.1370),\n",
    "(0, 13, 0.0737),\n",
    "(0, 14, -0.0994),\n",
    "(0, 15, 0.3873),\n",
    "(0, 16, -0.2645),\n",
    "(0, 17, 0.2152),\n",
    "(0, 18, -0.1933),\n",
    "(0, 19, 0.1818),\n",
    "(0, 20, -0.1756),\n",
    "(0, 21, 0.1728),\n",
    "(1, 0, 0.1360),\n",
    "(1, 1, -7.3796),\n",
    "(1, 2, 0.0957),\n",
    "(1, 3, -0.0718),\n",
    "(1, 4, 0.0743),\n",
    "(1, 5, 0.1338),\n",
    "(1, 6, -0.1703),\n",
    "(1, 7, 0.1068),\n",
    "(1, 8, -0.1079),\n",
    "(1, 9, 0.1227),\n",
    "(1, 10, -0.1315),\n",
    "(1, 11, 0.0583),\n",
    "(1, 12, 0.1159),\n",
    "(1, 13, -0.0948),\n",
    "(1, 14, 0.0994),\n",
    "(1, 15, -0.2098),\n",
    "(1, 16, 0.3106),\n",
    "(1, 17, -0.2660),\n",
    "(1, 18, 0.2230),\n",
    "(1, 19, -0.2015),\n",
    "(1, 20, 0.1919),\n",
    "(1, 21, -0.1877),\n",
    "(2, 0, -0.0771),\n",
    "(2, 1, 0.0957),\n",
    "(2, 2, -7.3588),\n",
    "(2, 3, 0.1246),\n",
    "(2, 4, -0.1012),\n",
    "(2, 5, -0.1105),\n",
    "(2, 6, 0.1384),\n",
    "(2, 7, -0.1572),\n",
    "(2, 8, 0.1127),\n",
    "(2, 9, -0.0808),\n",
    "(2, 10, 0.1329),\n",
    "(2, 11, -0.0989),\n",
    "(2, 12, -0.1001),\n",
    "(2, 13, 0.1106),\n",
    "(2, 14, -0.0994),\n",
    "(2, 15, 0.1919),\n",
    "(2, 16, -0.1878),\n",
    "(2, 17, 0.2727),\n",
    "(2, 18, -0.2747),\n",
    "(2, 19, 0.2394),\n",
    "(2, 20, -0.2152),\n",
    "(2, 21, 0.2088),\n",
    "(3, 0, 0.0403),\n",
    "(3, 1, -0.0718),\n",
    "(3, 2, 0.1246),\n",
    "(3, 3, -7.3723),\n",
    "(3, 4, 0.1485),\n",
    "(3, 5, 0.1020),\n",
    "(3, 6, -0.1156),\n",
    "(3, 7, 0.1531),\n",
    "(3, 8, -0.1481),\n",
    "(3, 9, 0.0612),\n",
    "(3, 10, -0.1085),\n",
    "(3, 11, 0.1428),\n",
    "(3, 12, 0.0896),\n",
    "(3, 13, -0.1212),\n",
    "(3, 14, 0.0994),\n",
    "(3, 15, -0.1757),\n",
    "(3, 16, 0.1938),\n",
    "(3, 17, -0.1840),\n",
    "(3, 18, 0.2436),\n",
    "(3, 19, -0.2839),\n",
    "(3, 20, 0.2699),\n",
    "(3, 21, -0.2396),\n",
    "(4, 0, -0.0198),\n",
    "(4, 1, 0.0743),\n",
    "(4, 2, -0.1012),\n",
    "(4, 3, 0.1485),\n",
    "(4, 4, -7.4136),\n",
    "(4, 5, -0.0985),\n",
    "(4, 6, 0.1104),\n",
    "(4, 7, -0.1277),\n",
    "(4, 8, 0.1822),\n",
    "(4, 9, -0.0540),\n",
    "(4, 10, 0.0888),\n",
    "(4, 11, -0.1698),\n",
    "(4, 12, -0.0843),\n",
    "(4, 13, 0.1265),\n",
    "(4, 14, -0.0994),\n",
    "(4, 15, 0.1713),\n",
    "(4, 16, -0.1794),\n",
    "(4, 17, 0.1982),\n",
    "(4, 18, -0.2015),\n",
    "(4, 19, 0.2295),\n",
    "(4, 20, -0.2834),\n",
    "(4, 21, 0.3272),\n",
    "(5, 0, -0.2037),\n",
    "(5, 1, 0.1338),\n",
    "(5, 2, -0.1105),\n",
    "(5, 3, 0.1020),\n",
    "(5, 4, -0.0985),\n",
    "(5, 5, -5.7633),\n",
    "(5, 6, 0.1575),\n",
    "(5, 7, -0.0966),\n",
    "(5, 8, 0.0741),\n",
    "(5, 9, -0.3941),\n",
    "(5, 10, 0.2050),\n",
    "(5, 11, -0.2026),\n",
    "(5, 12, -0.1777),\n",
    "(5, 13, 0.0826),\n",
    "(5, 14, -0.1650),\n",
    "(5, 15, 0.3434),\n",
    "(5, 16, -0.2031),\n",
    "(5, 17, 0.1309),\n",
    "(5, 18, -0.0941),\n",
    "(5, 19, 0.0748),\n",
    "(5, 20, -0.0645),\n",
    "(5, 21, 0.0599),\n",
    "(6, 0, 0.1139),\n",
    "(6, 1, -0.1703),\n",
    "(6, 2, 0.1384),\n",
    "(6, 3, -0.1156),\n",
    "(6, 4, 0.1104),\n",
    "(6, 5, 0.1575),\n",
    "(6, 6, -5.6589),\n",
    "(6, 7, 0.1527),\n",
    "(6, 8, -0.1224),\n",
    "(6, 9, 0.2590),\n",
    "(6, 10, -0.3373),\n",
    "(6, 11, 0.2053),\n",
    "(6, 12, 0.1370),\n",
    "(6, 13, -0.1234),\n",
    "(6, 14, 0.1650),\n",
    "(6, 15, -0.0828),\n",
    "(6, 16, 0.2162),\n",
    "(6, 17, -0.2049),\n",
    "(6, 18, 0.1574),\n",
    "(6, 19, -0.1189),\n",
    "(6, 20, 0.0988),\n",
    "(6, 21, -0.0918),\n",
    "(7, 0, -0.1037),\n",
    "(7, 1, 0.1068),\n",
    "(7, 2, -0.1572),\n",
    "(7, 3, 0.1531),\n",
    "(7, 4, -0.1277),\n",
    "(7, 5, -0.0966),\n",
    "(7, 6, 0.1527),\n",
    "(7, 7, -5.6537),\n",
    "(7, 8, 0.1885),\n",
    "(7, 9, -0.2128),\n",
    "(7, 10, 0.2939),\n",
    "(7, 11, -0.2949),\n",
    "(7, 12, -0.1098),\n",
    "(7, 13, 0.1505),\n",
    "(7, 14, -0.1650),\n",
    "(7, 15, 0.0753),\n",
    "(7, 16, -0.0567),\n",
    "(7, 17, 0.1401),\n",
    "(7, 18, -0.1965),\n",
    "(7, 19, 0.1976),\n",
    "(7, 20, -0.1662),\n",
    "(7, 21, 0.1383),\n",
    "(8, 0, 0.0975),\n",
    "(8, 1, -0.1079),\n",
    "(8, 2, 0.1127),\n",
    "(8, 3, -0.1481),\n",
    "(8, 4, 0.1822),\n",
    "(8, 5, 0.0741),\n",
    "(8, 6, -0.1224),\n",
    "(8, 7, 0.1885),\n",
    "(8, 8, -5.7066),\n",
    "(8, 9, 0.2029),\n",
    "(8, 10, -0.2327),\n",
    "(8, 11, 0.3660),\n",
    "(8, 12, 0.0962),\n",
    "(8, 13, -0.1641),\n",
    "(8, 14, 0.1650),\n",
    "(8, 15, -0.0532),\n",
    "(8, 16, 0.0787),\n",
    "(8, 17, -0.0788),\n",
    "(8, 18, 0.1067),\n",
    "(8, 19, -0.1634),\n",
    "(8, 20, 0.2252),\n",
    "(8, 21, -0.2647),\n",
    "(9, 0, -0.2022),\n",
    "(9, 1, 0.1227),\n",
    "(9, 2, -0.0808),\n",
    "(9, 3, 0.0612),\n",
    "(9, 4, -0.0540),\n",
    "(9, 5, -0.3941),\n",
    "(9, 6, 0.2590),\n",
    "(9, 7, -0.2128),\n",
    "(9, 8, 0.2029),\n",
    "(9, 9, -1.7615),\n",
    "(9, 10, 0.1060),\n",
    "(9, 11, -0.0751),\n",
    "(9, 12, -0.1884),\n",
    "(9, 13, 0.1120),\n",
    "(9, 14, -0.1069),\n",
    "(9, 15, 0.2330),\n",
    "(9, 16, -0.1857),\n",
    "(9, 17, 0.1550),\n",
    "(9, 18, -0.1361),\n",
    "(9, 19, 0.1253),\n",
    "(9, 20, -0.1197),\n",
    "(9, 21, 0.1173),\n",
    "(10, 0, 0.0591),\n",
    "(10, 1, -0.1315),\n",
    "(10, 2, 0.1329),\n",
    "(10, 3, -0.1085),\n",
    "(10, 4, 0.0888),\n",
    "(10, 5, 0.2050),\n",
    "(10, 6, -0.3373),\n",
    "(10, 7, 0.2939),\n",
    "(10, 8, -0.2327),\n",
    "(10, 9, 0.1060),\n",
    "(10, 10, -1.7121),\n",
    "(10, 11, 0.1245),\n",
    "(10, 12, 0.1426),\n",
    "(10, 13, -0.1578),\n",
    "(10, 14, 0.1069),\n",
    "(10, 15, -0.1100),\n",
    "(10, 16, 0.1613),\n",
    "(10, 17, -0.1779),\n",
    "(10, 18, 0.1741),\n",
    "(10, 19, -0.1612),\n",
    "(10, 20, 0.1479),\n",
    "(10, 21, -0.1398),\n",
    "(11, 0, -0.0512),\n",
    "(11, 1, 0.0583),\n",
    "(11, 2, -0.0989),\n",
    "(11, 3, 0.1428),\n",
    "(11, 4, -0.1698),\n",
    "(11, 5, -0.2026),\n",
    "(11, 6, 0.2053),\n",
    "(11, 7, -0.2949),\n",
    "(11, 8, 0.3660),\n",
    "(11, 9, -0.0751),\n",
    "(11, 10, 0.1245),\n",
    "(11, 11, -1.7430),\n",
    "(11, 12, -0.1197),\n",
    "(11, 13, 0.1807),\n",
    "(11, 14, -0.1069),\n",
    "(11, 15, 0.1164),\n",
    "(11, 16, -0.1125),\n",
    "(11, 17, 0.1266),\n",
    "(11, 18, -0.1493),\n",
    "(11, 19, 0.1730),\n",
    "(11, 20, -0.1920),\n",
    "(11, 21, 0.2024),\n",
    "(12, 0, -0.1370),\n",
    "(12, 1, 0.1159),\n",
    "(12, 2, -0.1001),\n",
    "(12, 3, 0.0896),\n",
    "(12, 4, -0.0843),\n",
    "(12, 5, -0.1777),\n",
    "(12, 6, 0.1370),\n",
    "(12, 7, -0.1098),\n",
    "(12, 8, 0.0962),\n",
    "(12, 9, -0.1884),\n",
    "(12, 10, 0.1426),\n",
    "(12, 11, -0.1197),\n",
    "(12, 12, -1.3403),\n",
    "(12, 13, 0.1553),\n",
    "(12, 14, -0.3841),\n",
    "(12, 15, 0.1808),\n",
    "(12, 16, -0.1518),\n",
    "(12, 17, 0.1276),\n",
    "(12, 18, -0.1082),\n",
    "(12, 19, 0.0937),\n",
    "(12, 20, -0.0840),\n",
    "(12, 21, 0.0792),\n",
    "(13, 0, 0.0737),\n",
    "(13, 1, -0.0948),\n",
    "(13, 2, 0.1106),\n",
    "(13, 3, -0.1212),\n",
    "(13, 4, 0.1265),\n",
    "(13, 5, 0.0826),\n",
    "(13, 6, -0.1234),\n",
    "(13, 7, 0.1505),\n",
    "(13, 8, -0.1641),\n",
    "(13, 9, 0.1120),\n",
    "(13, 10, -0.1578),\n",
    "(13, 11, 0.1807),\n",
    "(13, 12, 0.1553),\n",
    "(13, 13, -1.3403),\n",
    "(13, 14, 0.3841),\n",
    "(13, 15, -0.0550),\n",
    "(13, 16, 0.0840),\n",
    "(13, 17, -0.1082),\n",
    "(13, 18, 0.1276),\n",
    "(13, 19, -0.1421),\n",
    "(13, 20, 0.1518),\n",
    "(13, 21, -0.1566),\n",
    "(14, 0, -0.0994),\n",
    "(14, 1, 0.0994),\n",
    "(14, 2, -0.0994),\n",
    "(14, 3, 0.0994),\n",
    "(14, 4, -0.0994),\n",
    "(14, 5, -0.1650),\n",
    "(14, 6, 0.1650),\n",
    "(14, 7, -0.1650),\n",
    "(14, 8, 0.1650),\n",
    "(14, 9, -0.1069),\n",
    "(14, 10, 0.1069),\n",
    "(14, 11, -0.1069),\n",
    "(14, 12, -0.3841),\n",
    "(14, 13, 0.3841),\n",
    "(14, 14, -0.0784),\n",
    "(14, 15, 0.1256),\n",
    "(14, 16, -0.1256),\n",
    "(14, 17, 0.1256),\n",
    "(14, 18, -0.1256),\n",
    "(14, 19, 0.1256),\n",
    "(14, 20, -0.1256),\n",
    "(14, 21, 0.1256),\n",
    "(15, 0, 0.3873),\n",
    "(15, 1, -0.2098),\n",
    "(15, 2, 0.1919),\n",
    "(15, 3, -0.1757),\n",
    "(15, 4, 0.1713),\n",
    "(15, 5, 0.3434),\n",
    "(15, 6, -0.0828),\n",
    "(15, 7, 0.0753),\n",
    "(15, 8, -0.0532),\n",
    "(15, 9, 0.2330),\n",
    "(15, 10, -0.1100),\n",
    "(15, 11, 0.1164),\n",
    "(15, 12, 0.1808),\n",
    "(15, 13, -0.0550),\n",
    "(15, 14, 0.1256),\n",
    "(15, 15, -4.4140),\n",
    "(15, 16, 0.1823),\n",
    "(15, 17, -0.1061),\n",
    "(15, 18, 0.0598),\n",
    "(15, 19, -0.0311),\n",
    "(15, 20, 0.0155),\n",
    "(15, 21, -0.0088),\n",
    "(16, 0, -0.2645),\n",
    "(16, 1, 0.3106),\n",
    "(16, 2, -0.1878),\n",
    "(16, 3, 0.1938),\n",
    "(16, 4, -0.1794),\n",
    "(16, 5, -0.2031),\n",
    "(16, 6, 0.2162),\n",
    "(16, 7, -0.0567),\n",
    "(16, 8, 0.0787),\n",
    "(16, 9, -0.1857),\n",
    "(16, 10, 0.1613),\n",
    "(16, 11, -0.1125),\n",
    "(16, 12, -0.1518),\n",
    "(16, 13, 0.0840),\n",
    "(16, 14, -0.1256),\n",
    "(16, 15, 0.1823),\n",
    "(16, 16, -4.2734),\n",
    "(16, 17, 0.1291),\n",
    "(16, 18, -0.0892),\n",
    "(16, 19, 0.0654),\n",
    "(16, 20, -0.0449),\n",
    "(16, 21, 0.0334),\n",
    "(17, 0, 0.2152),\n",
    "(17, 1, -0.2660),\n",
    "(17, 2, 0.2727),\n",
    "(17, 3, -0.1840),\n",
    "(17, 4, 0.1982),\n",
    "(17, 5, 0.1309),\n",
    "(17, 6, -0.2049),\n",
    "(17, 7, 0.1401),\n",
    "(17, 8, -0.0788),\n",
    "(17, 9, 0.1550),\n",
    "(17, 10, -0.1779),\n",
    "(17, 11, 0.1266),\n",
    "(17, 12, 0.1276),\n",
    "(17, 13, -0.1082),\n",
    "(17, 14, 0.1256),\n",
    "(17, 15, -0.1061),\n",
    "(17, 16, 0.1291),\n",
    "(17, 17, -4.2310),\n",
    "(17, 18, 0.1202),\n",
    "(17, 19, -0.0853),\n",
    "(17, 20, 0.0763),\n",
    "(17, 21, -0.0696),\n",
    "(18, 0, -0.1933),\n",
    "(18, 1, 0.2230),\n",
    "(18, 2, -0.2747),\n",
    "(18, 3, 0.2436),\n",
    "(18, 4, -0.2015),\n",
    "(18, 5, -0.0941),\n",
    "(18, 6, 0.1574),\n",
    "(18, 7, -0.1965),\n",
    "(18, 8, 0.1067),\n",
    "(18, 9, -0.1361),\n",
    "(18, 10, 0.1741),\n",
    "(18, 11, -0.1493),\n",
    "(18, 12, -0.1082),\n",
    "(18, 13, 0.1276),\n",
    "(18, 14, -0.1256),\n",
    "(18, 15, 0.0598),\n",
    "(18, 16, -0.0892),\n",
    "(18, 17, 0.1202),\n",
    "(18, 18, -4.2112),\n",
    "(18, 19, 0.1298),\n",
    "(18, 20, -0.1017),\n",
    "(18, 21, 0.1057),\n",
    "(19, 0, 0.1818),\n",
    "(19, 1, -0.2015),\n",
    "(19, 2, 0.2394),\n",
    "(19, 3, -0.2839),\n",
    "(19, 4, 0.2295),\n",
    "(19, 5, 0.0748),\n",
    "(19, 6, -0.1189),\n",
    "(19, 7, 0.1976),\n",
    "(19, 8, -0.1634),\n",
    "(19, 9, 0.1253),\n",
    "(19, 10, -0.1612),\n",
    "(19, 11, 0.1730),\n",
    "(19, 12, 0.0937),\n",
    "(19, 13, -0.1421),\n",
    "(19, 14, 0.1256),\n",
    "(19, 15, -0.0311),\n",
    "(19, 16, 0.0654),\n",
    "(19, 17, -0.0853),\n",
    "(19, 18, 0.1298),\n",
    "(19, 19, -4.2163),\n",
    "(19, 20, 0.1591),\n",
    "(19, 21, -0.1307),\n",
    "(20, 0, -0.1756),\n",
    "(20, 1, 0.1919),\n",
    "(20, 2, -0.2152),\n",
    "(20, 3, 0.2699),\n",
    "(20, 4, -0.2834),\n",
    "(20, 5, -0.0645),\n",
    "(20, 6, 0.0988),\n",
    "(20, 7, -0.1662),\n",
    "(20, 8, 0.2252),\n",
    "(20, 9, -0.1197),\n",
    "(20, 10, 0.1479),\n",
    "(20, 11, -0.1920),\n",
    "(20, 12, -0.0840),\n",
    "(20, 13, 0.1518),\n",
    "(20, 14, -0.1256),\n",
    "(20, 15, 0.0155),\n",
    "(20, 16, -0.0449),\n",
    "(20, 17, 0.0763),\n",
    "(20, 18, -0.1017),\n",
    "(20, 19, 0.1591),\n",
    "(20, 20, -4.2370),\n",
    "(20, 21, 0.1832),\n",
    "(21, 0, 0.1728),\n",
    "(21, 1, -0.1877),\n",
    "(21, 2, 0.2088),\n",
    "(21, 3, -0.2396),\n",
    "(21, 4, 0.3272),\n",
    "(21, 5, 0.0599),\n",
    "(21, 6, -0.0918),\n",
    "(21, 7, 0.1383),\n",
    "(21, 8, -0.2647),\n",
    "(21, 9, 0.1173),\n",
    "(21, 10, -0.1398),\n",
    "(21, 11, 0.2024),\n",
    "(21, 12, 0.0792),\n",
    "(21, 13, -0.1566),\n",
    "(21, 14, 0.1256),\n",
    "(21, 15, -0.0088),\n",
    "(21, 16, 0.0334),\n",
    "(21, 17, -0.0696),\n",
    "(21, 18, 0.1057),\n",
    "(21, 19, -0.1307),\n",
    "(21, 20, 0.1832),\n",
    "(21, 21, -4.2862),\n",
    "]\n",
    "\n",
    "from qiskit.quantum_info import SparsePauliOp\n",
    "\n",
    "num_qubits = 22\n",
    "\n",
    "# Merge symmetric terms\n",
    "pair_terms = {}\n",
    "for i, j, x in data:\n",
    "    key = tuple(sorted((i, j)))\n",
    "    pair_terms[key] = pair_terms.get(key, 0) + x\n",
    "\n",
    "paulis = []\n",
    "coeffs = []\n",
    "\n",
    "identity_coeff = 0.0  # To collect total weight of I terms\n",
    "\n",
    "for (i, j), x in pair_terms.items():\n",
    "    if i == j:\n",
    "        # On-site term: (x / 2)(I - Z_i)\n",
    "        identity_coeff += x / 2  # Collect I term\n",
    "\n",
    "        z_term = ['I'] * num_qubits\n",
    "        z_term[i] = 'Z'\n",
    "        paulis.append(''.join(z_term)[::-1])\n",
    "        coeffs.append(-x / 2)\n",
    "    else:\n",
    "        # Ensure i < j for consistency\n",
    "        if i > j:\n",
    "            i, j = j, i\n",
    "\n",
    "        # Off-diagonal term: (x / 2)(X_i Z..Z X_j + Y_i Z..Z Y_j)\n",
    "        # Each term gets x / 4 due to symmetrization\n",
    "        z_string = ['I'] * num_qubits\n",
    "        for k in range(i + 1, j):\n",
    "            z_string[k] = 'I'\n",
    "\n",
    "        for op in ['X', 'Y']:\n",
    "            jw_term = z_string.copy()\n",
    "            jw_term[i] = op\n",
    "            jw_term[j] = op\n",
    "            paulis.append(''.join(jw_term)[::-1])\n",
    "            coeffs.append(x / 4)\n",
    "\n",
    "# After the loop, add the combined identity term once (if non-zero)\n",
    "if abs(identity_coeff) > 1e-12:  \n",
    "    paulis.append('I' * num_qubits)\n",
    "    coeffs.append(identity_coeff)\n",
    "\n",
    "# Build SparsePauliOp\n",
    "H_JW = SparsePauliOp.from_list(list(zip(paulis, coeffs)))\n",
    "\n",
    "# Print Hamiltonian\n",
    "print(H_JW)\n",
    "print('')\n",
    "print('Number of Pauli terms =', len(H_JW))"
   ]
  },
  {
   "cell_type": "code",
   "execution_count": 2,
   "id": "b9848e76-8e97-4200-a549-f3a427c559d4",
   "metadata": {},
   "outputs": [
    {
     "name": "stdout",
     "output_type": "stream",
     "text": [
      "<IBMBackend('ibm_pittsburgh')>\n",
      "No. of qubits: 156\n",
      "No. of gates: OrderedDict([('rz', 160), ('sx', 150), ('cz', 42), ('x', 5)])\n",
      "Noise level = 5\n",
      "Qubit no. for Noise = 5 circuit: 156, Qubit no. for optimized Hamil :156\n",
      "\n",
      "Gate counts of optimized circuit: OrderedDict([('cz', 210), ('rz', 160), ('sx', 150), ('x', 5)])\n",
      "Depth of optimized circuit: 350\n"
     ]
    },
    {
     "name": "stderr",
     "output_type": "stream",
